

---------------------------------------------------------------21-Jan-2022 08:31:47 PM---------------------------------------------------------------



				For Baboon.png

Initial PSNR: 	8.582746	8.158837	7.786103	7.438400	7.110297	6.812602	6.545260	6.268995	6.026984	5.784082
Denoise PSNR: 	22.003601	21.528251	21.071980	20.718477	20.308175	19.913737	19.468863	19.072830	18.553471	17.732677

				For Cameraman256.png

Initial PSNR: 	8.102284	7.684391	7.301296	6.926942	6.612914	6.311808	6.020136	5.764606	5.536887	5.262106
Denoise PSNR: 	21.739549	21.242767	20.821536	20.389007	19.689176	19.243944	18.758360	18.396761	18.003056	17.135910

				For Straws.png

Initial PSNR: 	7.876543	7.469798	7.084645	6.719636	6.398397	6.099444	5.825712	5.547949	5.321363	5.083920
Denoise PSNR: 	15.329018	14.730014	14.169365	13.635147	13.161356	12.729740	12.306049	11.852587	11.382834	10.831112

				For barbara.png

Initial PSNR: 	8.288074	7.882426	7.469638	7.131350	6.812518	6.504277	6.240966	5.974510	5.716653	5.483228
Denoise PSNR: 	23.308159	22.684108	22.255735	21.817355	21.313401	20.956084	20.554380	20.110901	19.672807	19.048773

				For bfly.tif

Initial PSNR: 	8.116304	7.717426	7.319367	6.999103	6.670243	6.380474	6.074858	5.819727	5.554481	5.344107
Denoise PSNR: 	18.783282	18.208773	17.463295	17.074472	16.424057	15.924652	15.440652	15.029295	14.492471	14.061730

				For boat.png

Initial PSNR: 	8.452909	8.084665	7.693240	7.335622	7.031728	6.729249	6.449015	6.193683	5.935972	5.691955
Denoise PSNR: 	24.018546	23.630940	23.070745	22.627478	22.196620	21.931794	21.394737	21.045564	20.501685	19.909286

				For couple.png

Initial PSNR: 	8.518900	8.095898	7.728540	7.389954	7.065973	6.756738	6.481904	6.208960	5.972273	5.732985
Denoise PSNR: 	24.027573	23.450412	23.047970	22.705582	22.247753	21.891873	21.422888	21.101652	20.667300	19.849568

				For fingerprint.tif

Initial PSNR: 	8.338027	7.937706	7.541369	7.178953	6.869689	6.577560	6.275450	6.034832	5.781258	5.551922
Denoise PSNR: 	19.022095	18.490618	17.807262	17.255722	16.781240	16.412710	15.968611	15.558583	15.075984	14.498108

				For hill.tif

Initial PSNR: 	8.379568	7.959660	7.579454	7.243547	6.921707	6.610214	6.340674	6.071642	5.820543	5.589241
Denoise PSNR: 	25.923303	25.408994	24.987318	24.525678	24.125950	23.749265	23.392206	22.961119	22.486667	21.869414

				For house.tif

Initial PSNR: 	8.478408	8.073896	7.677894	7.340411	7.005848	6.701274	6.434258	6.158880	5.923716	5.668490
Denoise PSNR: 	24.681198	23.937984	23.645538	22.878076	22.605074	22.047042	21.695977	21.085198	20.705982	20.312477

				For image(18).jpg

Initial PSNR: 	7.864170	7.451997	7.066781	6.721700	6.392624	6.082968	5.809652	5.549465	5.295609	5.061140
Denoise PSNR: 	24.618312	23.785255	23.374595	22.812550	22.240156	21.791011	21.277895	20.731121	20.286945	19.807353

				For image(19).jpg

Initial PSNR: 	7.164753	6.765354	6.342043	5.998474	5.672123	5.387720	5.119213	4.832527	4.582861	4.351583
Denoise PSNR: 	25.259737	24.792257	24.212006	23.731876	23.298097	22.857238	22.372847	21.908358	21.562683	21.021657

				For image(20).jpg

Initial PSNR: 	7.133957	6.709688	6.351333	5.994439	5.683863	5.386000	5.107278	4.841696	4.567478	4.360842
Denoise PSNR: 	25.187493	24.623893	24.135411	23.602245	23.039963	22.752408	22.429512	22.030235	21.611774	20.919435

				For image(21).jpg

Initial PSNR: 	7.163263	6.725251	6.346527	6.027913	5.674954	5.377069	5.106596	4.836994	4.584981	4.345683
Denoise PSNR: 	25.210761	24.821973	24.034384	23.739800	23.044702	22.739508	22.423100	21.962655	21.586049	21.025606

				For image(22).jpg

Initial PSNR: 	6.825151	6.453884	6.026494	5.708873	5.365254	5.081631	4.825931	4.550377	4.274022	4.049666
Denoise PSNR: 	20.235102	19.757318	19.072614	18.557181	17.971141	17.467789	17.041792	16.427131	15.956226	14.975059

				For image(23).jpg

Initial PSNR: 	6.845221	6.461130	6.038432	5.687592	5.359816	5.074792	4.812777	4.506474	4.273966	4.068741
Denoise PSNR: 	20.177713	19.801741	19.016453	18.461910	18.152883	17.464321	17.063460	16.739373	15.725668	14.952914

				For lena.png

Initial PSNR: 	8.456417	8.016832	7.655507	7.314053	6.995203	6.699775	6.410204	6.160551	5.892958	5.665854
Denoise PSNR: 	25.734179	25.023370	24.493622	24.002949	23.588203	23.088124	22.798280	22.359893	21.920884	21.220691

				For man.png

Initial PSNR: 	8.397424	8.000275	7.611243	7.269676	6.944951	6.636451	6.370709	6.086999	5.856115	5.614718
Denoise PSNR: 	24.830250	24.284325	23.726970	23.273218	22.900349	22.416863	22.054233	21.682683	21.145886	20.459504

				For montage.png

Initial PSNR: 	7.674650	7.311208	6.906032	6.568859	6.233261	5.913935	5.651685	5.428565	5.142044	4.898508
Denoise PSNR: 	21.326802	20.724515	20.184855	19.808256	19.543149	18.912584	18.752050	18.163624	17.823589	17.192808

				For peppers256.png

Initial PSNR: 	8.363430	7.931759	7.532770	7.169173	6.878047	6.553178	6.300495	6.005130	5.792492	5.530353
Denoise PSNR: 	21.013002	20.446313	20.013951	19.614392	19.287697	18.991661	18.730948	18.183741	18.000268	17.307521

				For straw.tif

Initial PSNR: 	8.410203	8.013358	7.653380	7.275032	6.947665	6.687392	6.390503	6.115581	5.880207	5.636799
Denoise PSNR: 	20.518471	20.104908	19.565946	19.141917	18.753240	18.344082	17.996288	17.519691	16.894956	16.277625\n



Initial PSNR: 

---------------------------------------------------------------22-Jan-2022 12:39:59 AM---------------------------------------------------------------

8.582746	8.158837	7.786103	7.438400	7.110297	6.812602	6.545260	6.268995	6.026984	5.784082	
8.102284	7.684391	7.301296	6.926942	6.612914	6.311808	6.020136	5.764606	5.536887	5.262106	
7.876543	7.469798	7.084645	6.719636	6.398397	6.099444	5.825712	5.547949	5.321363	5.083920	
8.288074	7.882426	7.469638	7.131350	6.812518	6.504277	6.240966	5.974510	5.716653	5.483228	
8.116304	7.717426	7.319367	6.999103	6.670243	6.380474	6.074858	5.819727	5.554481	5.344107	
8.452909	8.084665	7.693240	7.335622	7.031728	6.729249	6.449015	6.193683	5.935972	5.691955	
8.518900	8.095898	7.728540	7.389954	7.065973	6.756738	6.481904	6.208960	5.972273	5.732985	
8.338027	7.937706	7.541369	7.178953	6.869689	6.577560	6.275450	6.034832	5.781258	5.551922	
8.379568	7.959660	7.579454	7.243547	6.921707	6.610214	6.340674	6.071642	5.820543	5.589241	
8.478408	8.073896	7.677894	7.340411	7.005848	6.701274	6.434258	6.158880	5.923716	5.668490	
7.864170	7.451997	7.066781	6.721700	6.392624	6.082968	5.809652	5.549465	5.295609	5.061140	
7.164753	6.765354	6.342043	5.998474	5.672123	5.387720	5.119213	4.832527	4.582861	4.351583	
7.133957	6.709688	6.351333	5.994439	5.683863	5.386000	5.107278	4.841696	4.567478	4.360842	
7.163263	6.725251	6.346527	6.027913	5.674954	5.377069	5.106596	4.836994	4.584981	4.345683	
6.825151	6.453884	6.026494	5.708873	5.365254	5.081631	4.825931	4.550377	4.274022	4.049666	
6.845221	6.461130	6.038432	5.687592	5.359816	5.074792	4.812777	4.506474	4.273966	4.068741	
8.456417	8.016832	7.655507	7.314053	6.995203	6.699775	6.410204	6.160551	5.892958	5.665854	
8.397424	8.000275	7.611243	7.269676	6.944951	6.636451	6.370709	6.086999	5.856115	5.614718	
7.674650	7.311208	6.906032	6.568859	6.233261	5.913935	5.651685	5.428565	5.142044	4.898508	
8.363430	7.931759	7.532770	7.169173	6.878047	6.553178	6.300495	6.005130	5.792492	5.530353	
8.410203	8.013358	7.653380	7.275032	6.947665	6.687392	6.390503	6.115581	5.880207	5.636799	
------------------------------END--------------------------

Denoise PSNR: 

---------------------------------------------------------------22-Jan-2022 12:39:59 AM---------------------------------------------------------------

22.003601	21.528251	21.071980	20.718477	20.308175	19.913737	19.468863	19.072830	18.553471	17.732677	
21.739549	21.242767	20.821536	20.389007	19.689176	19.243944	18.758360	18.396761	18.003056	17.135910	
15.329018	14.730014	14.169365	13.635147	13.161356	12.729740	12.306049	11.852587	11.382834	10.831112	
23.308159	22.684108	22.255735	21.817355	21.313401	20.956084	20.554380	20.110901	19.672807	19.048773	
18.783282	18.208773	17.463295	17.074472	16.424057	15.924652	15.440652	15.029295	14.492471	14.061730	
24.018546	23.630940	23.070745	22.627478	22.196620	21.931794	21.394737	21.045564	20.501685	19.909286	
24.027573	23.450412	23.047970	22.705582	22.247753	21.891873	21.422888	21.101652	20.667300	19.849568	
19.022095	18.490618	17.807262	17.255722	16.781240	16.412710	15.968611	15.558583	15.075984	14.498108	
25.923303	25.408994	24.987318	24.525678	24.125950	23.749265	23.392206	22.961119	22.486667	21.869414	
24.681198	23.937984	23.645538	22.878076	22.605074	22.047042	21.695977	21.085198	20.705982	20.312477	
24.618312	23.785255	23.374595	22.812550	22.240156	21.791011	21.277895	20.731121	20.286945	19.807353	
25.259737	24.792257	24.212006	23.731876	23.298097	22.857238	22.372847	21.908358	21.562683	21.021657	
25.187493	24.623893	24.135411	23.602245	23.039963	22.752408	22.429512	22.030235	21.611774	20.919435	
25.210761	24.821973	24.034384	23.739800	23.044702	22.739508	22.423100	21.962655	21.586049	21.025606	
20.235102	19.757318	19.072614	18.557181	17.971141	17.467789	17.041792	16.427131	15.956226	14.975059	
20.177713	19.801741	19.016453	18.461910	18.152883	17.464321	17.063460	16.739373	15.725668	14.952914	
25.734179	25.023370	24.493622	24.002949	23.588203	23.088124	22.798280	22.359893	21.920884	21.220691	
24.830250	24.284325	23.726970	23.273218	22.900349	22.416863	22.054233	21.682683	21.145886	20.459504	
21.326802	20.724515	20.184855	19.808256	19.543149	18.912584	18.752050	18.163624	17.823589	17.192808	
21.013002	20.446313	20.013951	19.614392	19.287697	18.991661	18.730948	18.183741	18.000268	17.307521	
20.518471	20.104908	19.565946	19.141917	18.753240	18.344082	17.996288	17.519691	16.894956	16.277625	
------------------------------END--------------------------
